%YAML:1.0
---
K: !!opencv-matrix
   rows: 3
   cols: 3
   dt: d
   data: [ 678.11721268938265, 0., 310.69577984782933, 0.,
       677.94224864205648, 171.64184462366975, 0., 0., 1. ]
D: !!opencv-matrix
   rows: 1
   cols: 5
   dt: d
   data: [ -0.10090778664512856, 0.6424614439674543,
       -0.0034724205960320214, -0.00022293028258178938,
       -1.9795532655893227 ]
