%YAML:1.0
---
K: !!opencv-matrix
   rows: 3
   cols: 3
   dt: d
   data: [ 729.37694334199352, 0., 320.9874984342444, 0.,
       728.02234650692185, 169.95541763497349, 0., 0., 1. ]
D: !!opencv-matrix
   rows: 1
   cols: 5
   dt: d
   data: [ -0.089241706405694995, 0.82252286621705661,
       -0.004556816365314853, -0.0023725484569889444,
       -1.9111392273650101 ]
