%YAML:1.0
---
K: !!opencv-matrix
   rows: 3
   cols: 3
   dt: d
   data: [ 1418.281723999208, 0., 646.50337782722875, 0.,
       1416.647853551294, 403.67178825422235, 0., 0., 1. ]
D: !!opencv-matrix
   rows: 1
   cols: 5
   dt: d
   data: [ -0.024000735670468475, 0.69272492495598903,
       0.011958073729695868, 0.0022135766798421904, -2.6504414571906212 ]
